robot_obs:
  - _target_: taowm.utils.transforms.NormalizeVector
    mean: [0.054781, -0.11775, 0.509654, 1.127114, -0.05058, 1.56814, 0.054688, -0.677952, 1.008567, 1.769041, -2.023479, -0.99811, 1.751617, 0.562051, 0.091908]
    std: [0.160178, 0.110563, 0.063667, 2.863059, 0.128814, 0.437003, 0.02997, 0.324976, 0.167643, 0.245639, 0.417732, 0.200892, 0.168872, 0.368507, 0.995768]
action_min_bound: [-3.141591, -3.141591, -3.141591, -3.141591, -3.141591, -3.141591, -3.141591]
action_max_bound: [3.141592, 3.141592, 3.141592, 3.141592, 3.141592, 3.141592, 3.141592]
rel_action_world_min_bound: [-3.405921, -3.405921, -3.405921, -3.405921, -3.405921, -3.405921, -3.405921]
rel_action_world_max_bound: [3.151482, 3.151482, 3.151482, 3.151482, 3.151482, 3.151482, 3.151482]
rel_action_gripper_min_bound: [-2.981069, -2.981069, -2.981069, -2.981069, -2.981069, -2.981069, -2.981069]
rel_action_gripper_max_bound: [3.737471, 3.737471, 3.737471, 3.737471, 3.737471, 3.737471, 3.737471]
scene_obs:
  - _target_: taowm.utils.transforms.NormalizeVector
    mean: [0.161682, 0.117686, 0.000265, 0.044108, 0.512662, 0.490526, 0.051387, -0.082264, 0.435119, -0.062929, -0.033441, -0.111548, 0.057985, -0.091074, 0.434584, -0.187728, -0.028809, 0.221608, 0.063143, -0.096596, 0.42944, 0.114586, -0.001142, -0.187792]
    std: [0.123768, 0.095467, 0.002246, 0.042083, 0.49984, 0.49991, 0.171967, 0.116203, 0.049291, 1.315143, 0.468705, 2.024823, 0.17685, 0.113613, 0.050961, 1.463761, 0.716382, 1.927671, 0.171373, 0.107212, 0.050516, 1.460871, 0.099869, 1.689419]
